0003 0039 00000ae9
0003 0035 00000129
0003 0036 00000561
0003 0030 00000051
0003 003a 00000051
0001 014a 00000001
0000 0000 00000000
0003 0030 00000054
0003 003a 00000054
0000 0000 00000000
0003 0030 00000058
0003 003a 00000058
0000 0000 00000000
0003 0030 00000059
0003 003a 00000059
0000 0000 00000000
0003 0030 0000005b
0003 003a 0000005b
0000 0000 00000000
0003 0030 00000058
0003 003a 00000058
0000 0000 00000000
0003 0030 00000051
0003 003a 00000051
0000 0000 00000000
0003 0030 0000004a
0003 003a 0000004a
0000 0000 00000000
0003 0030 00000046
0003 003a 00000046
0000 0000 00000000
0003 0030 00000042
0003 003a 00000042
0000 0000 00000000
0003 0035 0000012e
0003 0030 00000040
0003 003a 00000040
0000 0000 00000000
0003 0035 00000136
0003 0030 0000003e
0003 003a 0000003e
0000 0000 00000000
0003 0035 00000144
0003 0030 0000003d
0003 003a 0000003d
0000 0000 00000000
0003 0035 00000153
0000 0000 00000000
0003 0035 00000184
0000 0000 00000000
0003 0035 000001bb
0003 0030 0000003b
0003 003a 0000003b
0000 0000 00000000
0003 0035 000001f8
0003 0036 0000055e
0000 0000 00000000
0003 0035 0000021b
0003 0036 0000055a
0000 0000 00000000
0003 0035 0000023e
0003 0036 00000554
0003 0030 0000003c
0003 003a 0000003c
0000 0000 00000000
0003 0035 0000025e
0003 0036 0000054f
0003 0030 0000003d
0003 003a 0000003d
0000 0000 00000000
0003 0035 0000027c
0003 0036 00000549
0003 0030 0000003f
0003 003a 0000003f
0000 0000 00000000
0003 0035 00000295
0003 0036 00000544
0003 0030 0000003d
0003 003a 0000003d
0000 0000 00000000
0003 0035 000002ac
0003 0036 00000540
0000 0000 00000000
0003 0035 000002bf
0003 0036 0000053d
0000 0000 00000000
0003 0035 000002d0
0003 0036 0000053b
0003 0030 0000003c
0003 003a 0000003c
0000 0000 00000000
0003 0035 000002de
0003 0030 0000003d
0003 003a 0000003d
0000 0000 00000000
0003 0035 000002ed
0003 0036 0000053a
0003 0030 0000003c
0003 003a 0000003c
0000 0000 00000000
0003 0035 000002fa
0003 0036 00000539
0003 0030 0000003e
0003 003a 0000003e
0000 0000 00000000
0003 0035 00000307
0003 0030 0000003d
0003 003a 0000003d
0000 0000 00000000
0003 0035 00000311
0003 0030 0000003f
0003 003a 0000003f
0000 0000 00000000
0003 0035 0000031a
0003 0030 0000003e
0003 003a 0000003e
0000 0000 00000000
0003 0035 00000323
0003 0036 0000053a
0003 0030 0000003f
0003 003a 0000003f
0000 0000 00000000
0003 0035 0000032b
0003 0036 0000053b
0003 0030 0000003e
0003 003a 0000003e
0000 0000 00000000
0003 0035 00000331
0003 0036 0000053d
0000 0000 00000000
0003 0035 00000335
0003 0036 00000540
0003 0030 0000003c
0003 003a 0000003c
0000 0000 00000000
0003 0035 00000337
0003 0036 00000544
0003 0030 00000038
0003 003a 00000038
0000 0000 00000000
0003 0035 00000339
0003 0036 00000549
0003 0030 00000037
0003 003a 00000037
0000 0000 00000000
0003 0035 0000033c
0003 0036 0000054f
0003 0030 00000035
0003 003a 00000035
0000 0000 00000000
0003 0035 00000340
0003 0036 00000556
0003 0030 00000032
0003 003a 00000032
0000 0000 00000000
0003 0035 00000345
0003 0036 00000560
0003 0030 00000030
0003 003a 00000030
0000 0000 00000000
0003 0035 0000034b
0003 0036 0000056e
0003 0030 00000034
0003 003a 00000034
0000 0000 00000000
0003 0035 00000350
0003 0036 0000057f
0003 0030 00000039
0003 003a 00000039
0000 0000 00000000
0003 0035 0000035e
0003 0036 000005b1
0003 0030 00000036
0003 003a 00000036
0000 0000 00000000
0003 0035 0000036a
0003 0036 000005ea
0003 0030 00000031
0003 003a 00000031
0000 0000 00000000
0003 0035 00000375
0003 0036 0000062e
0003 0030 00000033
0003 003a 00000033
0000 0000 00000000
0003 0036 0000065e
0003 0030 00000036
0003 003a 00000036
0000 0000 00000000
0003 0036 0000068e
0003 0030 0000002d
0003 003a 0000002d
0000 0000 00000000
0003 0036 000006bf
0000 0000 00000000
0003 0035 00000374
0003 0036 000006ef
0003 0030 00000032
0003 003a 00000032
0000 0000 00000000
0003 0035 00000373
0003 0036 0000071f
0003 0030 0000002f
0003 003a 0000002f
0000 0000 00000000
0003 0035 00000372
0003 0036 0000074b
0003 0030 0000002d
0003 003a 0000002d
0000 0000 00000000
0003 0036 00000770
0003 0030 0000002f
0003 003a 0000002f
0000 0000 00000000
0003 0035 00000371
0003 0036 0
0003 0039 00000000
0000 0000 00000000
